0.485488726787
-0.0238511648379
-0.368562291838
0.441356902373
-0.516710529807
-0.274769945252
0.591782761045
0.807391183502
0.717089107037
0.575351266947
-0.117095640734
0.587357430227
-0.499747044889
-0.449255125517
-0.717019444017
-0.8760648819
0.612468787055
0.783955206343
0.100209275231
-0.111784930413
0.886371866963
-0.360332281594
-0.674245491529
-0.781069692403
-0.672453711414
-0.939203876077
-0.510973736868
-0.796341248561
0.649898436924
-0.777629859547
0.565630197997
0.258775403887
-0.946987385548
0.848875338548
0.714499068594
0.683759256776
0.739489707437
-0.5142896172
-0.814248285822
-0.453619168521
-0.388351825333
-0.937220502898
-0.658537970478
-0.52544871031
-0.172028704373
-0.58265988133
0.107652678269
-0.293186698738
0.450093569033
0.441923701708
0.168522102871
-0.877004800651
-0.770999977443
-0.904567143918
-0.760041605799
-0.930055499763
0.488016016376
-0.950371083078
-0.829603927545
0.629027348044
-0.38479884238
-0.326612090987
-0.81560045773
-0.950115852283
0.332168774944
0.719768482186
-0.144886401795
-0.747960005413
-0.878688296352
-0.802272530906
0.575577883134
-0.86254592377
-0.484786736308
-0.809432928964
-0.859611625795
0.875477769638
0.294791115174
-0.946017367007
-0.922734809414
-0.812516670048
0.211433330959
0.304037180063
0.626191665304
-0.205917983302
0.165752189776
-0.243455221061
-0.585255048708
0.655386913617
-0.949274241604
0.580458091322
-0.685014944414
-0.793708879113
0.838004146473
0.326874177596
0.0604841817225
0.377535591596
-0.18243799288
-0.126518431342
-0.749779826629
-0.940951792675
-0.917221857778
-0.590625832703
-0.938423161482
0.738696040212
0.648038361333
0.46336748495
-0.436197455626
0.335987044711
0.160844261777
-0.923482922327
-0.54629316761
-0.823387009542
-0.800658899622
-0.958246406905
-0.825394295852
-0.926501660659
0.337918426913
0.67582878113
-0.850459897521
0.781946411637
0.444488783968
0.618463433846
0.488955898062
-0.789146041009
0.114116050558
-0.92604112658
0.645708902966
-0.750918014544
-0.742730682806
0.304031230661
-0.595012806023
0.136987426011
-0.808926314853
0.607793586574
0.300991269502
-0.340957530614
-0.922044955547
0.218330658636
-0.950469362298
-0.0116844362722
0.666607702897
-0.440698288825
-0.00332461384063
0.0524304481068
0.263129110813
0.649757215546
-0.710486534601
0.758237625541
0.65088183755
-0.671027395124
-0.817345513658
-0.899630441825
-0.811886055651
-0.748318169546
-0.800844869609
-0.95005649066
0.668631584483
-0.508443683004
0.419188791978
-0.210438784134
0.248690830829
-0.795391296221
-0.821816233101
0.889073740758
-0.335278282737
-0.88028058098
-0.793927986641
-0.183931404794
-0.503191473849
-0.28322517837
-0.3318325058
0.805816849197
0.535032613476
-0.651335556373
-0.569618424207
-0.735321037334
0.781311395142
-0.608382526058
0.085009661333
-0.814894624632
-0.153988410883
0.602151285773
0.261415436441
-0.666505467841
-0.138321049846
-0.677767287805
0.765730235998
0.0719483149267
-0.657388630597
0.519751070263
-0.763185263668
0.536966846957
-0.385716261525
0.549365457901
-0.735610370437
-0.72291109654
-0.640402771942
-0.89723683488
-0.880083434443
0.436610604004
-0.104170443542
0.56439089135
0.839370524698
0.0911288946119
0.783052229847
-0.382584213293
-0.913374799931
0.686645329161
0.320287791076
-0.509486407319
0.309926174658
-0.297396004825
-0.919128041741
0.910628645351
-0.567841251196
-0.815781964439
-0.818449493503
0.158134106259
0.443825589303
-0.832408270432
0.548046409942
0.710381110646
-0.786972095952
0.83000061068
-0.93520833281
-0.402255568998
-0.459132644984
0.249814434097
-0.87072894066
0.0981163629155
0.260812063467
-0.0602292515759
-0.445143622517
0.177777033793
0.440801258856
0.738421769778
-0.802700658911
0.767899693786
-0.468956361963
-0.819032696251
0.617609838581
-0.493677753335
-0.692516664422
-0.11286513914
-0.689906578258
0.2930113604
0.480438049643
-0.935710320314
-0.115133309463
0.881504527584
0.173289466614
-0.539904218197
-0.249487349012
-0.777395445472
-0.827637727516
-0.892385308818
-0.569444694388
0.468863452742
-0.799805123336
-0.76941792618
-0.94158711361
0.877742840596
-0.214170031599
-0.817787898646
0.00467880612837
-0.506689366813
-0.430314647548
-0.718346000087
-0.296435562013
0.654320873812
