356245
298468
347924
106452
266427
313398
36021
361260
10870
214554
330766
249350
183244
141022
271436
260571
153059
81213
57991
111127
305540
45182
25006
226882
160015
248292
76673
352747
343205
231907
161142
358762
348341
64244
307797
164519
123828
151774
43183
334233
150242
262143
90408
151945
142584
327062
58202
243258
12693
269519
15994
39595
141372
275361
71523
350967
226649
20543
255218
265667
59373
226308
220302
372556
122817
14229
95824
275411
324035
63733
226511
303512
241282
372926
325074
232737
73778
26774
58956
49386
220161
210268
256494
15446
280991
172078
246221
250659
106252
293218
352933
95847
360668
67309
5040
104987
315589
356393
134007
248226
351624
109965
358573
175267
274800
295282
286442
62767
337140
277524
114131
354284
269957
252494
56301
186120
143544
229110
152182
372301
106958
350152
141134
2307
311337
175007
209662
354099
262266
176498
181666
365162
354022
268928
145618
235255
118105
142799
197718
112158
162442
144779
340078
192578
297312
48619
13214
112226
33658
178445
249434
297318
130838
370482
39326
166073
33436
117249
332663
283841
213935
220340
33229
316079
218440
316761
372646
216132
369893
312831
289076
249379
198066
277778
510
154009
192288
255420
232622
81758
372342
339814
215869
170456
322683
21136
61870
35170
300431
231305
329103
240232
318904
45607
136646
6216
199362
175337
330056
282337
257169
278567
302288
370588
262678
93190
328666
362809
67185
132639
111133
93213
340378
252465
48945
201391
56734
123037
205742
128369
161246
308837
309228
127206
140928
301041
54046
233902
250643
8640
258791
95580
285698
209945
169010
365320
114243
313734
178038
39442
200109
245742
285900
241005
342602
272714
140544
130831
351239
130723
344696
314904
102519
93951
95762
36714
268458
265108
41957
197206
178122
170627
21635
141439
83621
295060
57623
243866
73065
322665
8543
96447
362472
155639
245157
76378
238365
202796
19721
264232
308190
271432
161098
327291
139902
7966
96590
100467
40631
102360
203087
235008
354019
38504
29208
126937
24835
116985
286485
179641
345274
311858
43872
245018
124659
110772
225913
292597
39615
231439
319727
99177
326291
128492
342111
331937
286352
356689
306291
56499
136349
79562
72025
95331
204268
214795
354707
209627
84820
263277
143859
80061
370940
26941
131537
318575
44662
155565
288564
255108
271417
294792
97583
175508
184882
336119
323878
156133
275922
225790
210703
363865
174477
13602
270269
162673
220348
134533
52814
92869
114760
248795
113366
257585
350773
276667
175313
173106
108929
138503
17350
284306
246445
261642
62863
59692
105432
125630
309674
238011
365895
21477
138967
274582
357859
24952
144013
107903
21208
72953
237930
109849
332957
86166
299979
130504
245556
62550
154728
100229
70232
328349
834
172784
164889
274713
183010
249181
17591
8416
129804
123490
66478
262881
278641
209702
275081
136429
265088
301448
33655
118424
276342
122435
149840
362675
93577
351543
119015
312426
346825
119379
17144
166299
347656
75062
274513
173143
132832
24431
305713
127306
121220
217380
252952
109640
238155
358413
323061
249720
240530
217697
240274
51845
212268
304247
243135
106755
81106
273781
147187
13269
325435
217136
301367
221530
333227
317518
279436
3717
42982
84672
287884
61700
82882
102215
149832
263337
270729
23066
168152
277850
196580
101191
151595
46520
3275
9307
6118
117592
322831
228734
114684
246114
233685
70326
156664
46989
144685
83216
345836
294735
50177
299496
356260
289464
207643
204809
9932
312604
135663
345626
64341
195234
228293
235116
329658
10189
264694
128597
85741
332927
182388
2574
243798
357547
174333
45002
314331
261616
324597
337740
52612
70029
350351
34890
294324
337501
349907
336917
237583
215309
27225
258100
330201
165314
249987
309478
292968
52067
104280
9426
299297
92732
168149
355690
194641
31230
102055
4113
99635
91622
216146
247090
24752
231219
100889
224819
230847
186099
288442
278565
167025
221644
213009
300593
171433
88654
147928
66328
355618
350721
48814
89883
129346
63660
138487
139462
76924
240945
99595
285933
80648
216291
98892
215634
174444
2483
225049
256436
143876
202790
366120
119960
90618
337678
275219
347571
40151
184284
82278
320768
73028
189601
94998
40874
217485
326644
287584
65495
212156
262132
36954
279216
307026
324768
249886
243631
215628
276393
198857
300493
66256
142152
10462
157581
69702
266412
73598
197397
155803
295328
118999
168639
357825
26290
213255
9009
357818
136228
252256
46133
265005
131765
132432
240461
372033
295802
127540
313794
191544
218674
173519
105548
153801
3328
364039
167600
177631
337270
273329
126793
345782
355654
132349
167484
321355
179213
301398
274833
345017
353844
300600
17168
277244
349281
336769
367162
238282
359422
368181
356297
150549
48177
274257
269543
177696
109545
63491
109436
292210
45410
336999
258185
327549
306806
173775
47735
46959
193006
201298
91891
97183
18345
200962
245954
161581
287239
154679
325884
310983
102901
37167
70888
53937
274736
114686
58078
76851
19294
230538
95347
92926
10702
38914
190729
49816
284651
242335
234905
163667
32583
114380
130715
347592
88691
173238
185935
300297
318422
126727
39327
288486
22418
134993
339242
164630
142180
301664
7700
191970
105824
323895
87202
178259
66752
50021
327205
74610
264719
195545
83464
246614
333688
46370
110760
131877
323599
246866
364343
283555
230111
51693
81049
186794
50107
87587
34673
22879
54890
18518
256058
350192
275862
280457
109215
38048
249787
73688
197268
152722
284886
291467
78664
260139
56628
80420
31184
269654
301455
134177
95930
327312
164180
273058
87965
39855
84374
296269
372787
60721
218786
193342
307637
266337
175380
47010
345174
203617
271926
85999
160560
126953
46247
12485
20728
102552
286557
223232
362495
189269
333771
76030
139056
338010
202168
300063
293546
281502
207422
168867
233096
191005
65629
242551
24880
212232
360300
250506
235597
308057
102288
104193
54469
266306
146041
87011
351289
15108
154374
73646
18045
308302
2881
298743
95914
265239
39842
141018
217315
195371
333570
41379
240718
173079
306844
82850
341464
289376
360761
295695
102548
321504
28898
35833
173633
215368
232752
91782
310890
311130
342455
120349
310795
265888
312762
315982
275924
8970
58960
280850
85029
64656
167304
126946
207255
72871
89709
179728
237157
123723
70822
211706
146517
360485
161479
236611
25349
164153
142957
325426
106168
368236
315572
53429
234797
267579
61338
76583
68068
158877
172954
61659
316409
72071
112502
147010
308968
164574
178011
18607
351512
249622
21017
77437
154695
31742
180706
251019
96236
154575
251548
140085
55222
78219
40357
14726
110711
292667
132858
277855
86645
270022
19604
95455
185779
201533
349238
24373
364811
313431
358432
215281
361842
6935
250212
137739
40768
251801
320645
237707
360881
297076
105376
116377
275829
147701
233588
33326
355947
